1 6.33e-13 2.012805 6.33e-13 2.144521
2 1.17e-13 1.004818 1.17e-13 1.004349
3 2.23e-13 0.688710 2.23e-13 0.686031
4 1.11e-13 0.525315 1.11e-13 0.518229
5 5.64e-14 0.591264 5.64e-14 0.623069
6 1.47e-13 0.537905 1.47e-13 0.526924
7 5.28e-14 0.545725 5.28e-14 0.538911
8 2.18e-14 0.529208 2.26e-14 0.534323
9 2.28e-13 0.539848 2.28e-13 0.527918
10 1.68e-13 0.523653 1.68e-13 0.521494
11 4.93e-14 0.524811 4.93e-14 0.523913
12 3.51e-14 0.522471 3.51e-14 0.522065
13 8.93e-14 0.523741 8.97e-14 0.530938
14 4.22e-14 0.525545 4.26e-14 0.522824
15 7.99e-15 0.523063 8.88e-15 0.519374
16 8.93e-14 0.523433 8.93e-14 0.520530
17 1.95e-14 0.525889 2e-14 0.524794
18 6.48e-14 0.522078 6.48e-14 0.517529
19 9.46e-14 0.526459 9.46e-14 0.524781
20 5.64e-14 0.524930 5.64e-14 0.521176